*INFO
12, 6, 9, 0, QUAD4
*NODE
0. , -10. , 0.
10., -10. , 0.
20., -10. , 0.
30., -10. , 0.
0. , -5.  , 0.
10., -5.  , 0.
20., -5.  , 0.
30., -5.  , 0.
0. ,  0.  , 0.
10.,  0.  , 0.
20.,  0.  , 0.
30.,  0.  , 0.
*ELEMENT
1, 2, 6,  5
2, 3, 7,  6
3, 4, 8,  7
5, 6, 10, 9
6, 7, 11, 10
7, 8, 12, 11
*MATERIALS
Elastic
1.0e6, 0.3
*BOUNDARY
1,  0.,  0.,   1, 1
2,  0.,  0.,   1, 1
3,  0.,  0.,   1, 1
4,  0.,  0.,   1, 1
5,  0.,  0.,   1, 0
8,  0.,  0.,   1, 0
9,  0., -1e-5, 1, 1
10, 0., -1e-5, 0, 1
12, 0.,  0.,   1, 0